151414141
151414147
151414145
151414125
151414121
151414123
151414741
151414747
151414745
151414785
151414787
151414789
151414525
151414521
151414523
151414585
151414587
151414589
151414541
151414547
151414545
151414563
151414569
151414565
151412525
151412521
151412523
151412585
151412587
151412589
151412541
151412547
151412545
151412563
151412569
151412565
151412141
151412147
151412145
151412125
151412121
151412123
151412363
151412369
151412365
151412325
151412321
151412323
151474141
151474147
151474145
151474125
151474121
151474123
151474741
151474747
151474745
151474785
151474787
151474789
151474525
151474521
151474523
151474585
151474587
151474589
151474541
151474547
151474545
151474563
151474569
151474565
151478525
151478521
151478523
151478585
151478587
151478589
151478541
151478547
151478545
151478563
151478569
151478565
151478741
151478747
151478745
151478785
151478787
151478789
151478963
151478969
151478965
151478985
151478987
151478989
151452525
151452521
151452523
151452585
151452587
151452589
151452541
151452547
151452545
151452563
151452569
151452565
151452141
151452147
151452145
151452125
151452121
151452123
151452363
151452369
151452365
151452325
151452321
151452323
151458525
151458521
151458523
151458585
151458587
151458589
151458541
151458547
151458545
151458563
151458569
151458565
151458741
151458747
151458745
151458785
151458787
151458789
151458963
151458969
151458965
151458985
151458987
151458989
151454141
151454147
151454145
151454125
151454121
151454123
151454741
151454747
151454745
151454785
151454787
151454789
151454525
151454521
151454523
151454585
151454587
151454589
151454541
151454547
151454545
151454563
151454569
151454565
151456363
151456369
151456365
151456325
151456321
151456323
151456963
151456969
151456965
151456985
151456987
151456989
151456525
151456521
151456523
151456585
151456587
151456589
151456541
151456547
151456545
151456563
151456569
151456565
151252525
151252521
151252523
151252585
151252587
151252589
151252541
151252547
151252545
151252563
151252569
151252565
151252141
151252147
151252145
151252125
151252121
151252123
151252363
151252369
151252365
151252325
151252321
151252323
151258525
151258521
151258523
151258585
151258587
151258589
151258541
151258547
151258545
151258563
151258569
151258565
151258741
151258747
151258745
151258785
151258787
151258789
151258963
151258969
151258965
151258985
151258987
151258989
151254141
151254147
151254145
151254125
151254121
151254123
151254741
151254747
151254745
151254785
151254787
151254789
151254525
151254521
151254523
151254585
151254587
151254589
151254541
151254547
151254545
151254563
151254569
151254565
151256363
151256369
151256365
151256325
151256321
151256323
151256963
151256969
151256965
151256985
151256987
151256989
151256525
151256521
151256523
151256585
151256587
151256589
151256541
151256547
151256545
151256563
151256569
151256565
151214141
151214147
151214145
151214125
151214121
151214123
151214741
151214747
151214745
151214785
151214787
151214789
151214525
151214521
151214523
151214585
151214587
151214589
151214541
151214547
151214545
151214563
151214569
151214565
151212525
151212521
151212523
151212585
151212587
151212589
151212541
151212547
151212545
151212563
151212569
151212565
151212141
151212147
151212145
151212125
151212121
151212123
151212363
151212369
151212365
151212325
151212321
151212323
151236363
151236369
151236365
151236325
151236321
151236323
151236963
151236969
151236965
151236985
151236987
151236989
151236525
151236521
151236523
151236585
151236587
151236589
151236541
151236547
151236545
151236563
151236569
151236565
151232525
151232521
151232523
151232585
151232587
151232589
151232541
151232547
151232545
151232563
151232569
151232565
151232141
151232147
151232145
151232125
151232121
151232123
151232363
151232369
151232365
151232325
151232321
151232323
153636363
153636369
153636365
153636325
153636321
153636323
153636963
153636969
153636965
153636985
153636987
153636989
153636525
153636521
153636523
153636585
153636587
153636589
153636541
153636547
153636545
153636563
153636569
153636565
153632525
153632521
153632523
153632585
153632587
153632589
153632541
153632547
153632545
153632563
153632569
153632565
153632141
153632147
153632145
153632125
153632121
153632123
153632363
153632369
153632365
153632325
153632321
153632323
153696363
153696369
153696365
153696325
153696321
153696323
153696963
153696969
153696965
153696985
153696987
153696989
153696525
153696521
153696523
153696585
153696587
153696589
153696541
153696547
153696545
153696563
153696569
153696565
153698525
153698521
153698523
153698585
153698587
153698589
153698541
153698547
153698545
153698563
153698569
153698565
153698741
153698747
153698745
153698785
153698787
153698789
153698963
153698969
153698965
153698985
153698987
153698989
153652525
153652521
153652523
153652585
153652587
153652589
153652541
153652547
153652545
153652563
153652569
153652565
153652141
153652147
153652145
153652125
153652121
153652123
153652363
153652369
153652365
153652325
153652321
153652323
153658525
153658521
153658523
153658585
153658587
153658589
153658541
153658547
153658545
153658563
153658569
153658565
153658741
153658747
153658745
153658785
153658787
153658789
153658963
153658969
153658965
153658985
153658987
153658989
153654141
153654147
153654145
153654125
153654121
153654123
153654741
153654747
153654745
153654785
153654787
153654789
153654525
153654521
153654523
153654585
153654587
153654589
153654541
153654547
153654545
153654563
153654569
153654565
153656363
153656369
153656365
153656325
153656321
153656323
153656963
153656969
153656965
153656985
153656987
153656989
153656525
153656521
153656523
153656585
153656587
153656589
153656541
153656547
153656545
153656563
153656569
153656565
153252525
153252521
153252523
153252585
153252587
153252589
153252541
153252547
153252545
153252563
153252569
153252565
153252141
153252147
153252145
153252125
153252121
153252123
153252363
153252369
153252365
153252325
153252321
153252323
153258525
153258521
153258523
153258585
153258587
153258589
153258541
153258547
153258545
153258563
153258569
153258565
153258741
153258747
153258745
153258785
153258787
153258789
153258963
153258969
153258965
153258985
153258987
153258989
153254141
153254147
153254145
153254125
153254121
153254123
153254741
153254747
153254745
153254785
153254787
153254789
153254525
153254521
153254523
153254585
153254587
153254589
153254541
153254547
153254545
153254563
153254569
153254565
153256363
153256369
153256365
153256325
153256321
153256323
153256963
153256969
153256965
153256985
153256987
153256989
153256525
153256521
153256523
153256585
153256587
153256589
153256541
153256547
153256545
153256563
153256569
153256565
153214141
153214147
153214145
153214125
153214121
153214123
153214741
153214747
153214745
153214785
153214787
153214789
153214525
153214521
153214523
153214585
153214587
153214589
153214541
153214547
153214545
153214563
153214569
153214565
153212525
153212521
153212523
153212585
153212587
153212589
153212541
153212547
153212545
153212563
153212569
153212565
153212141
153212147
153212145
153212125
153212121
153212123
153212363
153212369
153212365
153212325
153212321
153212323
153236363
153236369
153236365
153236325
153236321
153236323
153236963
153236969
153236965
153236985
153236987
153236989
153236525
153236521
153236523
153236585
153236587
153236589
153236541
153236547
153236545
153236563
153236569
153236565
153232525
153232521
153232523
153232585
153232587
153232589
153232541
153232547
153232545
153232563
153232569
153232565
153232141
153232147
153232145
153232125
153232121
153232123
153232363
153232369
153232365
153232325
153232321
153232323
157414141
157414147
157414145
157414125
157414121
157414123
157414741
157414747
157414745
157414785
157414787
157414789
157414525
157414521
157414523
157414585
157414587
157414589
157414541
157414547
157414545
157414563
157414569
157414565
157412525
157412521
157412523
157412585
157412587
157412589
157412541
157412547
157412545
157412563
157412569
157412565
157412141
157412147
157412145
157412125
157412121
157412123
157412363
157412369
157412365
157412325
157412321
157412323
157474141
157474147
157474145
157474125
157474121
157474123
157474741
157474747
157474745
157474785
157474787
157474789
157474525
157474521
157474523
157474585
157474587
157474589
157474541
157474547
157474545
157474563
157474569
157474565
157478525
157478521
157478523
157478585
157478587
157478589
157478541
157478547
157478545
157478563
157478569
157478565
157478741
157478747
157478745
157478785
157478787
157478789
157478963
157478969
157478965
157478985
157478987
157478989
157452525
157452521
157452523
157452585
157452587
157452589
157452541
157452547
157452545
157452563
157452569
157452565
157452141
157452147
157452145
157452125
157452121
157452123
157452363
157452369
157452365
157452325
157452321
157452323
157458525
157458521
157458523
157458585
157458587
157458589
157458541
157458547
157458545
157458563
157458569
157458565
157458741
157458747
157458745
157458785
157458787
157458789
157458963
157458969
157458965
157458985
157458987
157458989
157454141
157454147
157454145
157454125
157454121
157454123
157454741
157454747
157454745
157454785
157454787
157454789
157454525
157454521
157454523
157454585
157454587
157454589
157454541
157454547
157454545
157454563
157454569
157454565
157456363
157456369
157456365
157456325
157456321
157456323
157456963
157456969
157456965
157456985
157456987
157456989
157456525
157456521
157456523
157456585
157456587
157456589
157456541
157456547
157456545
157456563
157456569
157456565
157852525
157852521
157852523
157852585
157852587
157852589
157852541
157852547
157852545
157852563
157852569
157852565
157852141
157852147
157852145
157852125
157852121
157852123
157852363
157852369
157852365
157852325
157852321
157852323
157858525
157858521
157858523
157858585
157858587
157858589
157858541
157858547
157858545
157858563
157858569
157858565
157858741
157858747
157858745
157858785
157858787
157858789
157858963
157858969
157858965
157858985
157858987
157858989
157854141
157854147
157854145
157854125
157854121
157854123
157854741
157854747
157854745
157854785
157854787
157854789
157854525
157854521
157854523
157854585
157854587
157854589
157854541
157854547
157854545
157854563
157854569
157854565
157856363
157856369
157856365
157856325
157856321
157856323
157856963
157856969
157856965
157856985
157856987
157856989
157856525
157856521
157856523
157856585
157856587
157856589
157856541
157856547
157856545
157856563
157856569
157856565
157874141
157874147
157874145
157874125
157874121
157874123
157874741
157874747
157874745
157874785
157874787
157874789
157874525
157874521
157874523
157874585
157874587
157874589
157874541
157874547
157874545
157874563
157874569
157874565
157878525
157878521
157878523
157878585
157878587
157878589
157878541
157878547
157878545
157878563
157878569
157878565
157878741
157878747
157878745
157878785
157878787
157878789
157878963
157878969
157878965
157878985
157878987
157878989
157896363
157896369
157896365
157896325
157896321
157896323
157896963
157896969
157896965
157896985
157896987
157896989
157896525
157896521
157896523
157896585
157896587
157896589
157896541
157896547
157896545
157896563
157896569
157896565
157898525
157898521
157898523
157898585
157898587
157898589
157898541
157898547
157898545
157898563
157898569
157898565
157898741
157898747
157898745
157898785
157898787
157898789
157898963
157898969
157898965
157898985
157898987
157898989
159636363
159636369
159636365
159636325
159636321
159636323
159636963
159636969
159636965
159636985
159636987
159636989
159636525
159636521
159636523
159636585
159636587
159636589
159636541
159636547
159636545
159636563
159636569
159636565
159632525
159632521
159632523
159632585
159632587
159632589
159632541
159632547
159632545
159632563
159632569
159632565
159632141
159632147
159632145
159632125
159632121
159632123
159632363
159632369
159632365
159632325
159632321
159632323
159696363
159696369
159696365
159696325
159696321
159696323
159696963
159696969
159696965
159696985
159696987
159696989
159696525
159696521
159696523
159696585
159696587
159696589
159696541
159696547
159696545
159696563
159696569
159696565
159698525
159698521
159698523
159698585
159698587
159698589
159698541
159698547
159698545
159698563
159698569
159698565
159698741
159698747
159698745
159698785
159698787
159698789
159698963
159698969
159698965
159698985
159698987
159698989
159652525
159652521
159652523
159652585
159652587
159652589
159652541
159652547
159652545
159652563
159652569
159652565
159652141
159652147
159652145
159652125
159652121
159652123
159652363
159652369
159652365
159652325
159652321
159652323
159658525
159658521
159658523
159658585
159658587
159658589
159658541
159658547
159658545
159658563
159658569
159658565
159658741
159658747
159658745
159658785
159658787
159658789
159658963
159658969
159658965
159658985
159658987
159658989
159654141
159654147
159654145
159654125
159654121
159654123
159654741
159654747
159654745
159654785
159654787
159654789
159654525
159654521
159654523
159654585
159654587
159654589
159654541
159654547
159654545
159654563
159654569
159654565
159656363
159656369
159656365
159656325
159656321
159656323
159656963
159656969
159656965
159656985
159656987
159656989
159656525
159656521
159656523
159656585
159656587
159656589
159656541
159656547
159656545
159656563
159656569
159656565
159852525
159852521
159852523
159852585
159852587
159852589
159852541
159852547
159852545
159852563
159852569
159852565
159852141
159852147
159852145
159852125
159852121
159852123
159852363
159852369
159852365
159852325
159852321
159852323
159858525
159858521
159858523
159858585
159858587
159858589
159858541
159858547
159858545
159858563
159858569
159858565
159858741
159858747
159858745
159858785
159858787
159858789
159858963
159858969
159858965
159858985
159858987
159858989
159854141
159854147
159854145
159854125
159854121
159854123
159854741
159854747
159854745
159854785
159854787
159854789
159854525
159854521
159854523
159854585
159854587
159854589
159854541
159854547
159854545
159854563
159854569
159854565
159856363
159856369
159856365
159856325
159856321
159856323
159856963
159856969
159856965
159856985
159856987
159856989
159856525
159856521
159856523
159856585
159856587
159856589
159856541
159856547
159856545
159856563
159856569
159856565
159874141
159874147
159874145
159874125
159874121
159874123
159874741
159874747
159874745
159874785
159874787
159874789
159874525
159874521
159874523
159874585
159874587
159874589
159874541
159874547
159874545
159874563
159874569
159874565
159878525
159878521
159878523
159878585
159878587
159878589
159878541
159878547
159878545
159878563
159878569
159878565
159878741
159878747
159878745
159878785
159878787
159878789
159878963
159878969
159878965
159878985
159878987
159878989
159896363
159896369
159896365
159896325
159896321
159896323
159896963
159896969
159896965
159896985
159896987
159896989
159896525
159896521
159896523
159896585
159896587
159896589
159896541
159896547
159896545
159896563
159896569
159896565
159898525
159898521
159898523
159898585
159898587
159898589
159898541
159898547
159898545
159898563
159898569
159898565
159898741
159898747
159898745
159898785
159898787
159898789
159898963
159898969
159898965
159898985
159898987
159898989
