151414789
151414589
151414569
151412589
151412569
151412369
151474789
151474589
151474569
151478589
151478569
151478789
151478969
151478989
151452589
151452569
151452369
151458589
151458569
151458789
151458969
151458989
151454789
151454589
151454569
151456369
151456969
151456989
151456589
151456569
151252589
151252569
151252369
151258589
151258569
151258789
151258969
151258989
151254789
151254589
151254569
151256369
151256969
151256989
151256589
151256569
151214789
151214589
151214569
151212589
151212569
151212369
151236369
151236969
151236989
151236589
151236569
151232589
151232569
151232369
153636369
153636969
153636989
153636589
153636569
153632589
153632569
153632369
153696369
153696969
153696989
153696589
153696569
153698589
153698569
153698789
153698969
153698989
153652589
153652569
153652369
153658589
153658569
153658789
153658969
153658989
153654789
153654589
153654569
153656369
153656969
153656989
153656589
153656569
153252589
153252569
153252369
153258589
153258569
153258789
153258969
153258989
153254789
153254589
153254569
153256369
153256969
153256989
153256589
153256569
153214789
153214589
153214569
153212589
153212569
153212369
153236369
153236969
153236989
153236589
153236569
153232589
153232569
153232369
157414789
157414589
157414569
157412589
157412569
157412369
157474789
157474589
157474569
157478589
157478569
157478789
157478969
157478989
157452589
157452569
157452369
157458589
157458569
157458789
157458969
157458989
157454789
157454589
157454569
157456369
157456969
157456989
157456589
157456569
157852589
157852569
157852369
157858589
157858569
157858789
157858969
157858989
157854789
157854589
157854569
157856369
157856969
157856989
157856589
157856569
157874789
157874589
157874569
157878589
157878569
157878789
157878969
157878989
157896369
157896969
157896989
157896589
157896569
157898589
157898569
157898789
157898969
157898989
159636369
159636969
159636989
159636589
159636569
159632589
159632569
159632369
159696369
159696969
159696989
159696589
159696569
159698589
159698569
159698789
159698969
159698989
159652589
159652569
159652369
159658589
159658569
159658789
159658969
159658989
159654789
159654589
159654569
159656369
159656969
159656989
159656589
159656569
159852589
159852569
159852369
159858589
159858569
159858789
159858969
159858989
159854789
159854589
159854569
159856369
159856969
159856989
159856589
159856569
159874789
159874589
159874569
159878589
159878569
159878789
159878969
159878989
159896369
159896969
159896989
159896589
159896569
159898589
159898569
159898789
159898969
159898989
