0110110001111001100111010110000011100101001101100100001100111010
0011010000011101110010010111101000100011001001101000001110101100
0000010110010101010010000101010000010001011000001001110111001000
0000000000100011100010001110010011000101100100001000111111000010
1010110010000011100110101000101011101011001101101101100110100101
0000100001000010101101010100011100011011111111010010100000011100
0100101101011111000001000110010101111001001000110101000110011000
0010100010010110101000100001000111101000101111111011110011101010
0000111010011100111011011011010011100111110001000111111001011010
1000001111111100110000110010001110110010101110011101110010111010
1000011111110111010100110111010111001101000110101110101110101111
1111011110010010010010010010001110010100111110101011111000010011
1111101001110101011001001001111101000100111000101001001000111101
1101100101000100101101100110010011001111000111001010100000111111
1010001101100010010001101001100110100110100000001101111111100111
0011111010011100000111111000000111110101011001011110011101011010
1011110101101001011100011111111101101001111100000001110111011111
0010101011001100101001110100000100111100101011100000001101000101
0000111010100101010101000000101110001011101010010101001111100111
0100100011110001110000001100100101011001011111100000110000000100
1100011001111110011000000101110001100111111000001110001001111111
1010111111001011101110000100011001001111101010001111010001100100
0101101110001011101110100011001100110110111001001010101101010000
0000111100000001011110101111001111010110100010000110000111111100
0111001011010000011001101000010001001010000010001110010001000010
0100110011110101111000011111101001100110010111100001001011010110
0010100110100111111000011100101000100001000001001110001010111101
1100100101110010011100010110100011001001000010101111000110101001
0101110110111001011101010001111001000100000001111010110000000011
0101010010101100001001111111100001000001111001001111100001000101
0110000011101101001010000110111010101010111011000101001100011101
1101111011101011000101001111001010101101110001011010100000000110
0111100011000011000101111110001010000010011110000001001111001011
1101000110111111010111000001111011111100011100101111000000011101
0010001001010001101110010001100110110010010110010101011101010101
0101000000100011000110010001110011111000110101001000000111010000
1000000000011000110110011001000110000101011010110100101010011011
1110000110101011110000110001001001010110110001000000010011101001
1000100010100000101011001110100101111110100010101000000001111110
1111101100110101110001010000001101001011010111000110100011110100
0011111101101101101110111101101011001010111110100000011100011000
0011011010011010001110001101000110111011011101101011101001001101
0011100110001101011001010100111010101001100011011101010100010000
1100111110001110010010011101001100100110110001110110010111110011
0001100111101000011001000110011111110111010111010111101111101111
1001000011011111010000011001110010000111010000100100100101110101
1010111000000010011001110010111001000101000010000010100110110101
0110111100100110010010011001010000111110100100010011101001111111
0011000001010010100111101000010010010011110000001011101101100100
0111011100011001100011101100111001100001000011110100001001000101
1100101111110101110000000000101011100101001111100010110000000111
0010011101011000011010101111100001000000001011011011101101111111
1010110011000000001000101001000010100110111101100100110001011011
0011100111010001010111010110000001010000010001000110111100010111
1000110010100101000011001011001011111101111111011000010000100111
1001101111011100110110001000101001110001101000111110101100011000
1011000000000110010101101010001110001111000100111011000100110111
0110001011000000010110001011000010111110101100111000000111111001
1100101000011101110100011010111011110000111011110100000000101001
1000111110110000111101010000010110111011101001111111101000101110
1100101001010101111101110011000110001100111110001001100001010010
0000000000001100101101100011101000110010101011101101011111011010
0110110110000111001011111011101011100101100100011111000010001010
1001101001110100010001000111001110001101100010100100110011000100
0011110001010000011000100111010100110000011001010110111111110000
0001000011110101101110011000110100100001111100011011001001101101
0011100111110100110010110101111011111000101000011100110000001001
0101101111100000110000010101101101000111001010000001110011010010
0010001111010100101011100101000001011111101101110100110011111011
0011011111011011000011001111101001100000100100010010000111011010
0111010100010010101000110010011001010101100011110111010111110101
1001001000111011011001000110010101100010110010111111000100011101
0000010100101110101010110110000101010101110100101001101000000111
0011110100010000001111011100010010101100111101101011110101100100
1001110100110110010100100110000100100111100111000001100011000110
1001101100110000110000100101001010110110100101000010100111001010
1101110001000001111101110100101100111010000111001111010010111110
1100111101101011100100101101100100111111010011000100101011000011
1010001011010111011111101011101111010001011011011110100000001110
0101010110010001001101101101001110101100101011000100111111000011
1111001000001000110011100011010010110110010010101100111010011101
1111101111110001111101010110101011010010000000101010011011100111
1110000000010010111000010000100101001000000000100111100011000100
1001010111110010110011000011111101001100010111101110101110010111
1100100101110100010111101001000011010001100000000101110111011101
1010110000010110111001000101010010111011000111011110011110100000
0000100110001111000101111101000011011101101000110110101010001011
1100000001101100101010110000001111110001100110000000111110101100
0000111000110011100110110011111111100001101101011101011010100011
0011001000011110011000010010100100000111101101110000110101000100
1010010011000110110111010000101001001101100111100100110100100100
0010111110100000000000110000101001011001000111011101101101000110
1001110001001000101100011010001000010101001001111111101100000001
0101101011011110111010001010100011001101110100010111111100011100
1011011100111100011010110010000010100101011110010101011001000101
0100010110011111110111110001000000111000001010010110010001001010
1000010010110101101010101111101011010110101000000101010100011111
0001001100000100111111111001011110111011111010010110111001100100
0101001101100000000100100011110001100110010000101110111110001101
1000001100101011110111011110111001010101110010010100000110110001
