0111100111
0001000000
0010110110
1000010010
0101001000
0001000000
0111100111
0001000000
0010110110
1000010010
0101001000
0001000000
0110111110
0110001110
0011000001
0101010101
0111100111
0001000000
0010110110
1000010010
0101001000
0001000000
0110111110
0110001110
0011000001
0101010101
1011000000
0101100011
1111100110
0111111111
1001101001
0111100111
0001000000
0010110110
1000010010
0101001000
0001000000
0110111110
0110001110
0011000001
0101010101
1011000000
0101100011
1111100110
0111111111
1001101001
0101001000
0111111001
1101000101
1010010110
1000111100
0111100111
0001000000
0010110110
1000010010
0101001000
0001000000
0110111110
0110001110
0011000001
0101010101
1011000000
0101100011
1111100110
0111111111
1001101001
0101001000
0111111001
1101000101
1010010110
1000111100
1110101011
0000010101
0010100001
1111000001
0010011101
