0110110001111001100111010110000011100101001101100100001100111010
0000100001000010101101010100011100011011111111010010100000011100
0010100010010110101000100001000111101000101111111011110011101010
0000111010011100111011011011010011100111110001000111111001011010
1000011111110111010100110111010111001101000110101110101110101111
1111011110010010010010010010001110010100111110101011111000010011
1111101001110101011001001001111101000100111000101001001000111101
1010001101100010010001101001100110100110100000001101111111100111
0011111010011100000111111000000111110101011001011110011101011010
0010101011001100101001110100000100111100101011100000001101000101
0100100011110001110000001100100101011001011111100000110000000100
1010111111001011101110000100011001001111101010001111010001100100
0000111100000001011110101111001111010110100010000110000111111100
1100100101110010011100010110100011001001000010101111000110101001
0101110110111001011101010001111001000100000001111010110000000011
0101010010101100001001111111100001000001111001001111100001000101
0110000011101101001010000110111010101010111011000101001100011101
0111100011000011000101111110001010000010011110000001001111001011
0010001001010001101110010001100110110010010110010101011101010101
1110000110101011110000110001001001010110110001000000010011101001
0011100110001101011001010100111010101001100011011101010100010000
1100111110001110010010011101001100100110110001110110010111110011
0001100111101000011001000110011111110111010111010111101111101111
0110111100100110010010011001010000111110100100010011101001111111
0111011100011001100011101100111001100001000011110100001001000101
0010011101011000011010101111100001000000001011011011101101111111
1010110011000000001000101001000010100110111101100100110001011011
1011000000000110010101101010001110001111000100111011000100110111
0110001011000000010110001011000010111110101100111000000111111001
1100101000011101110100011010111011110000111011110100000000101001
1100101001010101111101110011000110001100111110001001100001010010
0000000000001100101101100011101000110010101011101101011111011010
0110110110000111001011111011101011100101100100011111000010001010
1001101001110100010001000111001110001101100010100100110011000100
0011110001010000011000100111010100110000011001010110111111110000
0001000011110101101110011000110100100001111100011011001001101101
0010001111010100101011100101000001011111101101110100110011111011
0111010100010010101000110010011001010101100011110111010111110101
1001001000111011011001000110010101100010110010111111000100011101
1001101100110000110000100101001010110110100101000010100111001010
1101110001000001111101110100101100111010000111001111010010111110
1111001000001000110011100011010010110110010010101100111010011101
1001010111110010110011000011111101001100010111101110101110010111
1010110000010110111001000101010010111011000111011110011110100000
0000100110001111000101111101000011011101101000110110101010001011
0000111000110011100110110011111111100001101101011101011010100011
1010010011000110110111010000101001001101100111100100110100100100
0010111110100000000000110000101001011001000111011101101101000110
1001110001001000101100011010001000010101001001111111101100000001
0101101011011110111010001010100011001101110100010111111100011100
1011011100111100011010110010000010100101011110010101011001000101
0001001100000100111111111001011110111011111010010110111001100100
